54
54
54
54
54
54
54
54
54
54
54
54
54
167
167
167
167
305
305
305
167
167
167
167
167
167
167
167
167
167
167
54
54
54
54
54
54
54
54
54
54
54
233
233
233
233
233
233
233
233
233
233
233
233
233
233
233
233
233
233
233
233
54
54
54
54
54
54
54
54
54
54
246
246
246
246
246
246
246
246
246
246
246
246
246
246
246
246
246
246
246
246
246
246
54
54
54
54
54
54
54
54
54
54
54
54
54
54
54
54
54
54
54
54
54
54
54
54
54
233
233
233
233
233
233
233
233
233
233
233
233
233
346
346
346
346
346
346
346
167
167
167
167
167
167
167
359
359
359
359
246
246
246
246
246
246
246
246
246
246
246
246
246
246
246
246
246
246
54
54
54
54
54
54
54
54
54
54
54
54
54
54
54
54
54
54
54
54
54
54
233
233
233
233
346
346
346
346
346
346
346
346
346
346
346
346
346
346
346
346
167
167
54
54
54
54
54
54
54
54
54
54
246
246
246
246
246
246
246
246
246
246
246
246
246
246
246
246
246
246
246
246
246
246
54
54
54
54
54
54
54
54
54
54
54
54
54
54
54
54
54
54
54
54
54
54
54
54
54
54
54
54
54
54
54
54
54
54
54
54
54
54
54
54
54
54
54
54
54
54
233
233
233
233
233
233
233
233
233
233
233
233
233
233
233
425
425
425
425
425
246
246
246
246
246
246
246
246
246
246
246
246
246
246
246
246
246
54
54
54
54
167
167
167
167
167
167
167
167
167
167
167
167
167
167
167
167
167
167
54
54
54
54
54
54
54
54
233
233
233
233
233
233
233
233
233
233
233
233
233
233
233
425
425
425
425
425
246
246
246
246
246
246
246
246
246
246
246
246
246
246
246
246
246
54
54
54
54
54
54
54
54
54
54
54
54
54
54
54
54
54
54
54
54
54
54
54
54
54
54
192
192
192
192
192
192
192
192
192
305
305
305
337
337
337
337
337
337
337
337
337
337
337
337
337
337
529
416
432
2470
2470
2470
2470
2470
2470
2470
2470
2470
2470
2470
2470
2470
2470
2470
2470
442
611
611
419
419
419
419
419
419
419
419
419
419
419
419
419
419
419
419
419
419
240
240
240
240
240
240
240
240
240
240
240
240
240
240
240
240
240
240
240
208
208
208
192
192
192
192
192
192
192
2458
2458
2458
208
208
208
208
208
208
208
208
208
208
208
208
54
54
54
54
54
54
54
54
54
54
54
246
246
246
246
246
246
246
246
246
246
246
246
246
246
246
246
246
246
246
246
425
425
233
233
233
233
233
233
233
233
233
233
233
233
233
233
233
233
233
233
54
54
54
54
54
54
54
54
54
54
54
54
54
54
54
54
54
54
54
54
54
54
54
54
54
54
359
359
359
359
359
359
359
359
359
359
359
359
359
359
359
359
359
359
246
246
246
246
54
54
54
54
54
54
54
54
54
54
54
54
54
54
54
54
54
54
54
54
54
54
233
233
233
233
233
233
233
233
233
233
233
233
233
233
233
233
233
233
233
233
54
54
54
54
54
54
54
54
54
54
54
54
54
54
54
54
54
54
54
54
54
54
54
54
54
54
54
54
54
54
54
54
54
54
54
54
54
54
54
54
54
54
54
54
167
167
167
167
167
167
167
167
167
167
346
346
346
346
346
346
346
346
233
233
425
425
425
425
425
425
425
425
425
425
246
246
246
246
246
246
246
246
246
246
246
246
54
54
54
54
54
54
54
54
54
54
54
54
54
54
54
54
54
54
54
54
54
54
54
54
54
54
54
54
54
54
54
167
167
183
183
183
183
183
183
183
183
183
183
183
362
362
362
362
2268
2155
2155
2347
2347
2347
2347
2347
2347
2347
2347
2347
2347
2209
2209
2209
2030
2030
2030
2152
2287
2287
2287
2287
2287
4345
4345
2577
327
327
311
311
311
311
311
343
343
343
343
415
415
415
415
415
415
415
415
2398
2398
2398
2398
2398
2398
2398
2398
2398
2398
2398
2398
2511
2511
2511
2511
2511
2511
2511
2511
2511
528
528
528
528
528
528
528
528
528
415
415
415
594
594
594
594
594
594
786
786
786
786
786
786
786
770
770
770
770
770
770
770
591
591
591
591
591
591
591
591
367
367
367
367
367
367
399
512
512
512
512
512
512
512
512
512
528
528
528
528
528
528
528
705
705
415
415
415
415
293
293
293
293
293
293
293
470
470
293
293
293
293
293
293
293
293
293
293
293
649
649
472
472
472
472
472
472
472
472
472
472
472
649
649
967
1159
1159
1159
1159
413
413
413
413
413
413
413
413
413
413
381
381
381
381
381
381
381
381
189
189
173
173
286
286
286
286
286
286
286
302
302
302
302
302
424
424
424
424
424
424
311
343
343
343
343
343
343
343
343
343
343
343
343
343
343
343
343
343
343
343
343
400
400
400
400
400
400
400
592
592
592
592
592
592
592
592
592
592
592
592
592
413
413
413
413
413
413
413
413
397
205
205
205
205
205
205
205
205
205
318
318
456
456
456
456
456
456
456
456
456
456
456
456
456
424
424
424
311
311
311
311
311
311
173
173
173
173
173
173
173
173
173
173
205
205
205
205
205
397
397
519
519
519
400
400
400
400
400
278
278
278
278
278
278
278
278
278
278
246
246
233
233
233
233
233
233
233
346
346
346
346
346
346
346
346
346
346
346
346
346
167
167
167
167
167
54
54
54
54
54
54
54
54
54
54
54
54
54
54
54
54
54
54
54
246
246
246
246
246
246
246
246
246
246
246
246
246
246
246
246
246
246
246
246
246
246
54
54
54
54
54
54
54
54
54
54
54
54
54
54
54
54
54
54
54
54
54
54
64
54
233
233
233
233
233
346
346
346
346
346
346
346
346
346
346
346
346
346
346
346
167
359
359
246
246
246
246
246
246
246
246
246
246
246
246
246
246
246
246
246
246
246
246
54
54
54
54
54
54
54
54
54
54
54
54
54
54
54
54
54
54
54
233
233
233
233
233
233
233
233
233
346
346
346
346
346
346
346
346
346
346
346
167
167
167
167
167
167
359
246
246
246
246
246
246
246
246
246
246
246
246
246
246
246
246
246
246
246
246
246
54
54
54
54
54
54
54
54
54
54
54
54
54
54
54
54
54
54
54
54
54
54
54
54
54
54
54
54
54
54
54
54
54
54
54
54
54
54
54
54
54
54
54
54
359
359
359
359
359
359
359
359
359
359
359
359
538
538
538
538
538
538
425
425
425
425
233
233
233
233
233
233
233
233
233
233
54
54
54
54
54
54
54
54
54
54
54
54
54
54
54
54
54
54
54
54
54
54

