54
54
147
147
147
147
147
147
147
147
147
180
180
180
180
180
180
180
180
180
54
54
54
54
54
54
54
54
54
54
54
54
54
54
54
54
54
54
54
54
54
54
54
54
54
54
54
54
54
54
54
54
231
231
231
231
231
231
231
231
231
231
231
231
231
231
231
231
231
231
231
231
231
324
147
147
147
147
147
147
147
147
147
147
147
147
147
147
147
147
147
54
54
54
54
54
54
54
54
54
54
54
54
54
54
54
54
54
54
54
54
54
208
208
208
208
208
208
208
208
208
208
208
208
208
208
208
208
208
208
208
208
54
54
54
54
54
54
54
54
54
54
54
231
231
231
231
231
231
231
231
231
231
231
231
231
231
231
231
231
231
231
231
231
231
54
54
54
54
54
54
54
54
54
54
54
54
54
54
54
54
54
54
54
54
54
54
54
54
54
54
54
54
208
208
208
208
208
208
208
208
208
208
208
208
208
208
208
208
208
208
208
208
54
54
54
54
54
54
54
231
231
231
231
231
231
231
231
231
231
231
231
324
324
324
324
324
324
324
324
324
324
147
147
147
147
147
147
147
147
54
54
54
54
54
54
54
54
54
54
54
54
54
54
54
54
54
54
54
54
54
54
54
54
54
54
54
54
54
54
54
54
54
54
54
54
54
231
231
231
231
231
231
231
231
231
231
231
231
231
231
231
231
231
231
231
231
231
231
54
54
54
54
54
54
208
208
208
208
208
208
301
301
301
301
301
301
301
301
301
301
301
301
301
301
147
147
147
147
54
54
54
54
54
54
54
54
54
54
54
54
54
54
54
64
54
54
64
54
54
54
54
54
54
54
54
54
54
54
54
54
54
54
54
54
54
54
54
54
54
147
324
324
324
324
324
478
478
478
478
478
478
478
478
478
478
478
478
385
385
385
385
385
208
208
208
54
54
54
54
54
54
54
54
54
54
54
54
54
54
87
87
87
87
87
87
87
87
87
87
87
87
87
87
87
87
87
87
87
87
87
87
87
97
87
87
87
87
87
87
2265
2265
2265
87
87
264
264
264
264
264
264
264
264
277
277
277
277
370
370
370
370
370
370
524
524
524
524
347
347
347
347
347
347
347
314
221
221
221
221
221
221
221
221
67
67
67
67
67
67
67
67
67
2245
2245
2245
67
67
67
67
67
67
67
67
67
67
67
67
67
67
67
67
244
244
231
231
231
231
231
231
231
231
231
231
231
231
231
231
231
231
231
231
231
231
54
54
54
54
54
54
54
54
54
147
147
147
147
147
301
301
301
301
301
301
301
301
301
301
301
301
301
208
208
208
208
208
208
208
54
54
54
54
54
54
54
54
54
54
54
54
54
54
54
54
54
54
54
54
54
231
231
231
231
231
231
231
231
231
231
231
231
231
231
231
231
231
231
231
231
231
231
54
54
54
147
147
147
147
147
147
147
147
147
147
147
147
147
147
147
147
147
147
54
54
54
54
54
54
54
54
54
54
54
54
208
208
208
208
208
208
208
208
208
208
208
208
208
208
208
208
208
208
208
208
54
54
54
54
54
231
231
231
231
231
231
231
231
231
231
231
231
231
231
231
231
231
231
231
231
231
231
54
54
54
54
54
54
54
54
54
54
54
54
54
54
54
54
54
54
54
54
54
54
147
147
147
147
147
147
147
147
147
147
147
147
147
147
147
147
301
301
208
208
208
208
208
208
208
208
208
208
208
208
208
208
208
208
208
208
54
231
231
231
231
231
231
231
231
231
231
231
231
231
231
231
231
231
231
231
231
231
231
54
54
54
54
54
54
54
54
54
54
54
177
177
177
177
177
177
177
177
177
177
177
177
177
177
177
177
177
177
177
177
177
177
177
270
270
270
270
270
270
270
270
270
270
270
270
447
1394
1394
1394
447
447
354
354
354
354
354
354
354
354
354
354
354
354
354
354
354
354
177
177
177
177
177
177
177
177
177
331
331
331
331
331
331
331
331
331
331
331
331
331
331
331
331
331
331
331
331
177
177
177
177
177
177
187
187
187
187
187
187
187
187
187
187
2365
2365
2365
187
187
187
187
187
187
187
187
187
187
187
187
220
220
220
220
220
220
220
220
397
1344
1344
1344
397
410
410
410
410
410
410
410
410
410
503
503
503
503
503
503
503
657
480
480
480
480
480
480
480
480
480
480
387
387
387
1334
1334
1334
264
264
254
100
100
100
100
100
100
100
100
100
100
100
100
100
100
100
100
100
100
100
100
100
100
100
100
54
54
54
54
54
54
54
54
54
54
54
54
54
54
54
54
208
208
208
208
208
208
208
208
208
208
208
208
208
208
208
208
208
208
208
208
177
333
343
333
333
333
333
333
333
333
426
426
426
426
426
426
426
426
426
436
426
426
426
426
426
426
426
2421
2328
2328
2328
2328
2328
2328
2328
2328
2328
2328
2205
2205
2205
2205
2205
2205
2205
2205
2218
2228
2228
2228
2228
2228
2228
2228
233
233
233
233
233
233
233
233
243
2411
2411
2534
2645
2645
2645
2645
2645
2645
2645
2645
2774
2928
2928
3105
3105
2976
3009
3009
720
720
720
720
720
720
720
720
720
720
720
3009
3009
2855
2855
2855
2855
2678
2678
2678
2678
2678
2678
2678
2665
2665
2665
376
376
376
376
376
376
376
376
376
376
376
366
366
54
54
54
54
54
54
54
54
54
54
54
54
54
54
54
54
54
301
301
301
301
301
301
301
301
301
301
301
301
301
301
301
301
301
301
208
208
54
54
54
54
54
54
54
231
231
231
231
231
231
231
231
231
231
231
231
231
231
231
231
231
231
231
231
231
231
54
54
54
54
54
54
147
147
147
147
147
147
147
301
301
301
301
301
301
301
301
301
301
301
208
208
208
208
208
208
208
208
208
54
54
54
54
54
54
54
54
54
54
54
54
231
231
231
231
231
231
231
231
231
231
231
231
231
231
231
231
231
231
231
231
231
231
147
147
147
147
147
147
147
147
147
147
147
147
147
147
147
147
147
147
54
54
54
54
54
54
54
54
54
54
54
54
54
54
54
54
54
54
54
54
54
54
54
208
208
208
208
208
208
208
208
208
208
208
208
208
208
208
208
208
208
208
301
147
147
147
147
147
147
147
147
147
147
147
147
147
147
147
147
147
54
231
231
231
231
231
231
231
231
231
231
231
231
231
231
231
231
231
231
231
231
231
231
54
54
54
54
54
54
54
54
54
54
54
54
54
54
147
147
301
301
301
301
301
301
301
301
301
301
301
301
301
301
301
301
208
208
208
208
54
54
54
54
54
54
54
54
54
54
54
54
54
54
54
54
54
54
54
54
54
54
54
54
54
54
54
54
54
54

