54
54
54
54
54
54
54
54
54
54
54
54
54
54
54
54
54
54
54
54
54
54
54
54
54
54
54
54
54
54
54
54
54
54
54
54
54
54
54
54
54
54
54
54
276
276
276
276
276
276
276
276
276
276
276
276
443
443
443
443
443
443
443
443
443
443
221
221
221
221
221
221
221
221
221
221
54
54
54
54
54
54
54
54
54
54
54
54
54
54
54
54
54
54
54
54
54
54
54
54
54
54
54
54
54
54
54
54
54
54
54
54
54
54
54
54
54
54
54
54
221
221
221
221
221
221
221
221
221
221
221
221
221
221
221
221
221
221
443
443
276
276
276
276
276
276
276
276
394
394
394
394
394
394
394
394
394
394
394
394
172
172
172
172
172
172
54
54
54
54
54
54
54
54
54
54
54
54
54
54
54
54
54
221
221
221
221
221
221
221
221
221
221
221
221
221
221
221
221
221
221
221
221
54
54
54
54
54
54
54
54
54
54
54
54
54
54
54
54
54
54
54
172
172
172
172
172
172
172
172
172
172
172
172
172
172
172
394
394
394
276
276
276
276
276
276
276
276
276
276
276
276
276
276
276
276
276
276
276
54
54
54
54
54
54
54
54
54
54
54
221
221
221
221
221
221
221
221
221
221
339
339
339
339
339
339
339
339
339
339
172
172
172
172
172
172
172
172
54
54
54
54
54
54
54
54
54
54
54
54
54
54
54
54
54
54
54
54
54
54
54
54
54
54
54
54
54
54
54
54
54
54
54
54
54
54
54
276
276
394
394
394
394
394
394
394
394
394
394
394
394
394
394
394
394
394
394
276
276
54
54
54
54
64
64
54
54
54
54
54
54
54
54
54
54
64
54
54
54
54
54
54
54
54
54
54
54
54
54
54
221
221
221
221
221
221
221
221
221
221
221
221
221
221
221
221
221
221
221
221
54
54
54
276
276
276
276
276
276
276
276
276
276
276
276
276
276
276
276
276
276
394
394
394
394
172
172
172
172
172
172
172
172
172
172
172
172
172
172
54
54
54
2300
2300
2300
2300
2300
2300
2300
2300
2300
2300
2300
2300
2456
2456
2456
2456
2456
2456
2456
2456
2456
2456
2456
2456
2456
2456
2456
210
210
210
210
432
432
432
432
432
2603
2603
2603
550
550
550
550
550
550
550
550
550
550
550
550
550
550
328
210
210
210
2263
2263
2263
210
210
210
210
210
210
210
224
224
224
224
224
224
224
224
224
224
224
54
54
54
54
54
54
54
54
54
54
54
54
54
54
54
54
54
54
54
54
54
54
54
54
54
54
276
394
394
394
394
394
394
394
394
394
394
394
394
394
394
394
394
394
394
276
276
276
54
54
54
54
54
54
54
54
221
221
221
221
221
221
221
221
221
221
221
221
221
221
221
221
221
221
221
221
54
54
54
54
54
54
54
54
54
54
54
54
54
54
54
54
54
54
172
172
172
172
172
172
172
172
172
172
172
172
172
172
172
172
172
172
54
54
54
54
54
54
54
54
54
54
54
54
54
54
54
54
276
276
276
276
276
276
276
276
276
276
276
276
276
276
276
276
276
276
276
276
276
276
54
54
54
54
54
54
54
54
54
54
54
54
54
54
54
54
54
54
54
54
54
54
54
54
54
54
54
54
54
54
54
54
54
54
54
54
54
54
54
54
54
54
54
54
54
54
54
54
54
54
276
276
276
276
276
276
443
443
443
443
561
561
561
561
561
561
561
561
561
561
561
561
339
339
339
339
172
172
54
54
54
54
54
54
54
54
54
54
54
54
54
54
54
54
54
54
54
54
54
54
54
54
54
54
54
54
54
54
54
54
224
224
224
224
224
224
224
224
224
224
224
238
238
405
405
405
405
405
405
405
405
405
405
405
405
405
405
405
405
537
537
537
537
370
370
370
370
370
370
370
370
370
370
370
370
370
370
370
370
370
370
370
370
370
370
370
370
370
497
497
497
497
705
578
578
578
578
578
578
578
578
564
564
564
564
564
731
731
731
731
731
731
731
731
509
509
509
509
509
509
509
509
509
509
509
509
342
342
356
356
356
356
356
356
356
356
356
356
356
356
356
474
474
474
474
474
474
474
474
474
474
474
474
474
474
474
474
474
474
356
356
356
356
356
578
578
578
578
578
578
578
578
578
578
578
578
578
578
578
578
578
578
578
745
745
745
523
523
523
523
523
523
523
523
523
523
641
641
641
641
641
627
627
460
460
460
460
460
460
460
460
460
460
460
342
342
342
342
342
342
342
342
342
342
342
342
342
342
342
342
342
342
342
342
356
370
370
370
497
497
497
497
719
719
719
719
719
719
719
719
719
719
719
719
719
719
719
719
719
719
886
886
886
886
508
508
508
508
542
542
542
542
542
542
542
542
542
542
542
542
375
375
375
375
248
248
248
248
248
248
248
248
366
366
366
352
352
352
352
352
352
352
352
352
352
352
352
338
338
338
220
220
220
220
220
220
220
220
220
220
220
220
220
220
220
220
220
220
220
220
220
234
234
456
456
456
456
456
456
456
456
422
456
456
456
612
612
612
612
612
612
612
612
612
612
390
390
390
390
508
675
675
675
675
675
675
675
675
675
675
675
675
675
675
675
675
675
557
557
557
54
54
54
54
54
54
54
54
54
54
54
54
54
54
54
54
54
54
54
54
54
54
64
54
54
54
54
54
54
64
54
54
54
54
54
54
54
54
54
54
54
172
172
172
172
172
172
172
172
172
172
172
172
172
172
172
172
172
172
54
54
54
54
64
64
54
54
54
54
54
54
54
54
54
221
221
221
221
221
221
221
221
221
221
221
221
221
221
221
221
221
221
221
221
54
54
54
54
54
54
54
54
54
54
394
394
394
394
394
394
394
394
394
394
394
394
394
394
394
394
394
394
276
276
276
276
54
54
54
54
54
54
54
54
54
54
54
54
54
54
54
54
54
54
54
54
54
54
54
54
54
54
54
54
54
54
54
221
221
221
221
221
221
221
221
221
221
221
221
221
221
221
221
221
221
221
221
276
276
276
276
276
276
276
276
276
276
276
276
276
276
276
276
276
276
276
276
276
276
54
54
54
54
54
54
54
54
54
54
54
54
54
54
54
54
54
54
54
54
54
54
54
54
54
54
54
54
54
54
54
54
54
54
54
54
54
54
54
54
54
54
54
54
54
54
54
54
54
54
172
172
339
339
339
339
339
339
339
339
339
339
339
339
561
561
561
561
443
443
443
443
276
276
276
276
276
276
276
276
276
276
276
276
276
276
54
54
54
54
54
54
54
54
54
54
54
54
54
54
54

