54
54
54
54
54
185
185
185
185
185
185
185
345
345
345
345
345
345
345
345
214
214
214
214
214
214
214
214
214
214
214
214
214
319
159
159
159
159
159
159
159
159
159
159
159
159
159
159
159
159
159
54
54
54
54
54
54
54
54
54
54
54
54
54
54
54
54
54
230
230
230
230
230
230
230
230
230
230
230
230
230
230
230
230
230
230
230
335
319
319
319
319
319
319
319
319
319
319
319
319
319
319
319
319
319
214
214
214
214
214
54
54
54
54
54
54
54
54
54
54
54
54
54
54
54
54
54
54
54
54
54
54
54
54
54
54
54
54
230
230
230
230
230
230
230
230
230
230
230
230
230
230
230
335
335
335
335
335
159
159
159
159
159
159
159
159
159
159
159
159
159
54
54
54
54
54
54
54
54
54
54
54
54
54
54
54
54
54
54
54
54
54
54
54
54
54
54
214
214
214
214
214
214
214
214
214
214
214
214
214
214
214
214
214
214
214
214
319
319
159
159
159
159
159
159
159
335
335
335
335
335
335
335
335
335
230
230
230
230
230
230
230
230
230
230
230
54
54
54
54
54
54
54
54
54
54
54
54
54
54
54
54
54
54
54
54
54
54
54
54
54
54
54
54
54
54
54
54
214
214
214
214
214
214
214
214
214
214
214
214
214
214
214
214
214
214
214
214
214
214
54
54
54
54
54
54
54
54
54
159
159
159
159
159
159
159
159
159
159
159
159
159
159
159
159
159
159
54
54
54
54
54
54
54
54
54
54
54
54
54
54
54
54
54
54
54
54
54
54
54
54
54
54
54
230
390
390
390
390
390
390
390
390
390
390
390
390
390
390
390
390
390
390
390
214
214
214
54
54
54
54
54
54
54
54
54
54
54
54
54
54
54
54
54
54
54
54
54
54
54
54
54
54
54
64
54
54
54
54
54
54
64
54
54
54
54
54
54
54
54
185
185
185
185
185
290
290
290
290
290
290
290
290
290
450
450
450
450
450
450
450
450
450
345
345
345
521
521
521
521
521
521
521
521
521
521
361
361
361
361
361
361
361
361
361
347
171
171
171
171
171
171
171
171
171
171
171
171
171
276
276
276
276
276
276
276
276
276
276
276
276
276
276
276
276
276
276
171
171
171
171
171
171
171
171
171
171
171
171
171
171
171
171
171
171
171
171
171
171
331
331
331
331
331
331
331
331
331
331
331
214
214
214
214
214
214
214
214
214
214
214
54
54
54
54
54
54
54
54
54
54
54
159
159
159
159
159
159
159
159
159
159
159
159
159
159
159
159
159
159
54
54
54
54
54
54
54
54
230
230
230
230
230
230
230
230
390
390
390
390
390
390
390
390
390
390
390
390
214
214
214
214
214
214
214
214
214
214
54
54
54
54
54
54
54
54
54
54
54
54
54
54
54
54
54
54
54
54
54
54
54
54
54
54
54
54
54
54
54
54
54
54
54
54
54
54
54
54
54
54
230
230
230
230
230
230
230
230
230
230
230
230
230
230
230
230
230
230
230
230
54
54
54
159
159
159
159
159
159
159
159
159
159
159
159
159
159
159
159
159
159
54
54
54
54
54
54
54
54
54
54
54
214
214
214
214
214
214
214
214
214
214
214
214
214
214
390
390
390
390
390
390
390
390
230
230
230
230
230
230
230
230
230
230
230
230
54
54
54
54
54
54
54
54
54
54
54
54
54
54
54
54
54
54
54
54
54
54
54
54
54
54
54
54
54
54
54
54
54
54
214
214
214
214
214
214
214
214
214
214
214
319
319
319
319
319
319
319
319
319
436
436
276
276
276
276
276
276
276
171
171
171
171
171
171
171
171
171
347
347
347
347
347
347
347
347
347
347
362
362
362
362
362
362
362
2473
2473
2473
2297
2297
2297
186
186
186
186
186
186
186
186
186
291
291
291
291
291
291
291
291
291
291
291
291
291
291
291
291
291
291
186
186
186
186
186
186
186
186
186
186
186
186
186
186
186
186
186
186
186
418
594
2705
2705
2705
594
594
594
2577
2577
2577
2577
2687
2687
2672
2672
2672
2672
2672
2672
2672
2496
2336
2336
2336
2336
2336
2336
2336
353
353
353
367
367
367
367
367
367
257
362
362
362
362
362
362
503
503
503
503
503
503
503
503
503
503
503
503
398
398
398
398
398
398
398
398
398
398
558
558
558
558
441
441
441
441
441
441
441
441
441
441
441
441
441
441
441
441
441
441
281
281
281
444
444
267
267
267
372
372
372
372
372
372
372
1370
1547
1547
372
372
372
372
372
372
372
372
267
2378
2554
2731
620
443
443
443
443
443
443
443
443
443
443
443
620
620
938
938
938
938
762
195
355
472
472
472
472
472
472
472
472
472
472
472
472
472
472
472
472
472
472
472
577
577
417
417
417
527
410
410
410
410
410
410
410
410
410
410
410
410
305
305
305
481
481
481
481
481
481
481
481
481
481
481
481
481
481
481
496
496
532
532
532
356
356
356
356
356
356
246
246
246
406
406
406
406
406
406
406
406
406
406
406
406
406
478
478
478
478
478
478
478
478
2566
2406
2406
2406
2406
2406
2406
2406
2406
2406
2406
2406
2406
2582
2582
2582
2582
2582
2477
2477
2477
494
494
494
494
494
494
494
494
494
494
494
494
126
126
126
126
126
126
126
126
126
126
126
126
126
126
126
126
126
126
126
126
126
126
126
126
126
126
126
126
126
126
126
286
286
286
286
286
296
286
286
286
286
286
286
286
286
286
567
567
567
567
567
744
744
407
407
407
407
407
407
407
407
407
407
407
479
479
126
126
126
126
126
126
126
126
126
126
126
303
303
126
126
126
126
126
126
126
126
126
136
126
303
303
621
621
621
621
621
54
54
54
214
214
319
319
319
319
319
319
319
319
319
319
319
319
319
319
319
319
319
319
214
214
54
54
54
54
54
54
54
54
54
230
230
230
230
230
230
230
230
230
230
230
230
230
230
230
230
230
230
230
230
54
54
54
54
54
54
54
54
54
54
54
54
54
54
54
54
214
214
214
214
214
214
214
214
214
214
214
214
214
214
214
214
214
214
214
214
214
214
54
54
54
54
54
54
54
54
54
54
54
54
54
54
54
54
54
54
54
54
54
54
54
159
159
159
159
159
159
159
159
159
159
159
159
159
159
159
159
159
159
54
54
54
54
54
54
54
54
54
54
54
54
214
214
214
214
214
214
214
214
214
214
214
214
214
214
214
214
390
390
390
390
390
390
230
230
230
230
230
230
230
230
230
230
230
230
230
230
54
54
159
159
159
159
159
159
159
159
159
159
159
159
159
159
159
159
159
159
54
54

