54
54
85
85
85
85
85
85
85
85
85
85
85
94
94
94
94
94
94
94
54
54
54
54
54
54
54
54
54
54
54
54
54
54
54
54
54
54
54
54
54
54
54
54
54
193
193
193
193
193
193
193
193
193
193
193
193
193
193
193
193
193
193
193
193
54
54
54
54
54
54
54
54
54
54
54
54
54
54
54
54
54
54
54
54
54
163
163
163
163
163
163
163
375
375
375
375
375
375
375
375
375
375
375
266
266
266
266
266
266
266
266
266
266
266
54
54
54
54
54
54
54
54
54
54
54
54
54
54
54
54
54
54
54
54
54
54
54
54
54
54
54
54
54
54
54
54
54
54
54
54
54
54
54
54
54
54
54
54
54
54
54
54
54
54
54
54
54
54
266
266
266
266
266
266
266
266
266
266
266
266
266
266
405
405
405
405
405
405
405
405
193
193
193
302
302
302
302
302
302
302
302
302
163
163
163
163
163
163
163
163
163
54
54
54
54
54
54
54
54
54
54
54
54
54
54
54
54
54
54
54
54
54
54
54
54
54
54
54
54
266
266
266
266
266
266
266
266
266
266
375
375
375
375
375
375
375
375
375
375
375
375
163
163
163
163
163
163
54
54
54
54
54
54
54
54
54
54
54
54
54
54
54
54
54
54
54
193
193
193
193
193
193
193
193
193
193
193
193
193
193
193
193
193
193
193
193
54
54
54
163
163
163
163
163
163
163
163
163
163
163
163
163
163
163
375
375
375
266
266
266
266
266
266
266
266
266
266
266
266
266
266
266
266
266
266
266
54
54
54
54
54
54
54
54
54
54
54
54
54
54
54
54
54
54
54
54
54
54
54
54
54
54
54
163
163
163
163
302
302
302
302
302
302
302
302
302
302
302
302
302
302
193
193
193
193
193
193
54
54
54
54
54
54
54
54
54
54
54
54
54
54
54
54
54
54
54
54
54
54
94
94
94
94
94
94
94
94
94
94
94
94
94
94
94
94
94
94
94
94
94
94
94
94
306
306
306
306
306
306
306
306
306
306
306
306
306
2566
2566
2566
445
445
2564
2564
2564
445
233
233
233
233
233
233
233
233
233
202
202
202
202
202
63
63
63
63
182
182
173
2292
2292
2292
173
173
173
173
173
173
173
173
54
54
54
54
54
54
54
54
54
54
54
54
54
54
54
54
54
54
54
54
54
54
54
266
266
266
266
266
266
266
266
266
266
375
375
375
375
375
375
375
375
375
375
375
375
163
163
163
163
163
163
193
193
193
193
193
193
193
193
193
193
193
193
193
193
193
193
193
193
193
193
54
54
54
54
54
54
54
54
54
54
54
54
54
54
54
54
54
54
54
54
54
54
54
54
54
54
54
54
54
54
266
266
266
266
266
266
266
266
266
266
266
266
375
375
375
375
375
375
375
375
375
375
163
163
163
163
163
163
163
163
54
54
54
54
54
54
54
54
54
54
54
54
54
54
54
54
54
54
54
54
54
54
54
193
193
193
193
193
193
193
193
193
193
193
193
193
193
193
193
193
193
193
193
54
54
266
266
266
266
266
266
266
266
266
266
266
266
266
266
266
375
375
375
375
375
375
375
163
163
163
163
163
163
163
163
163
163
163
54
54
54
54
54
54
54
54
54
54
54
54
54
54
54
54
54
54
54
54
54
54
54
54
54
54
54
54
54
54
193
193
193
193
193
193
193
193
193
193
193
193
193
193
193
193
193
193
193
193
54
54
54
54
54
54
54
54
266
266
266
266
266
266
266
266
266
266
266
266
266
266
266
266
266
266
375
375
375
375
163
163
163
163
163
163
163
163
163
163
163
163
194
194
85
85
85
224
224
224
224
224
224
224
224
224
224
224
224
224
224
224
224
224
2902
2902
2902
2763
2763
2763
2763
2763
2763
2763
2763
2763
2763
2763
2763
2763
85
85
85
85
94
94
94
94
94
94
94
94
94
94
94
94
94
94
94
94
94
2213
2213
2213
94
2772
2772
2772
2772
2772
2772
2772
2772
2772
2911
2880
2880
2880
2911
2911
2911
233
342
342
342
342
342
342
358
358
358
358
358
358
219
219
219
219
219
219
322
322
322
322
322
322
322
322
332
322
322
322
322
322
322
322
322
313
313
313
2432
2432
2220
101
101
1289
1289
1289
1289
1289
1289
1289
1289
1289
1289
1289
1289
1289
1289
1289
1289
1428
1428
1428
1428
1428
1428
1428
1412
1531
1531
1500
1500
1500
1500
312
312
421
421
421
421
282
282
282
282
282
409
409
409
409
409
409
409
409
409
300
300
300
300
300
300
300
331
331
331
212
212
212
212
212
212
212
212
212
212
212
212
212
212
212
212
212
212
424
424
424
424
424
424
424
424
424
424
424
424
424
424
424
424
424
424
424
424
424
424
212
212
212
212
212
212
212
212
212
212
212
212
212
212
212
212
212
212
212
212
212
212
212
212
212
212
212
212
212
212
181
181
181
181
181
181
181
181
320
320
320
320
320
320
320
320
320
320
320
320
320
320
320
320
320
320
320
320
393
393
393
393
393
393
393
393
393
393
393
393
393
393
2512
2512
2512
393
393
393
393
393
181
181
181
290
290
290
290
290
290
290
290
290
290
290
290
290
290
290
290
290
290
181
181
181
181
320
320
320
320
463
463
463
463
463
463
463
463
463
193
193
193
193
203
193
193
54
54
54
54
54
54
54
54
54
54
54
54
54
54
54
54
54
54
54
54
54
54
54
54
163
163
163
163
163
163
163
163
163
163
163
163
163
163
163
163
163
163
54
54
54
54
54
193
193
193
193
193
193
193
193
193
193
193
193
193
405
405
405
405
405
405
405
266
266
266
266
266
266
266
266
266
266
266
266
266
375
375
163
163
163
163
163
163
163
163
163
163
163
163
163
163
163
163
54
54
54
54
54
54
54
54
54
54
54
54
54
54
54
54
54
54
54
54
54
54
54
54
54
54
54
54
54
54
54
54
54
54
54
54
54
54
54
54
54
54
54
54
54
54
54
54
375
375
375
375
375
514
514
514
514
514
514
514
514
514
514
514
514
514
405
405
405
405
193
193
193
54
54
54
54
54
54
54
54
54
54
54
54
54
54
54
54
54
54
54
54
54
54
54
54
54
54
54
54
54
54
163
163
163
163
163
163
163
163
163
163
163
163
163
163
163
163
163
163
54
54
54
54
54
54
54
54
54
54
54
54
54
54
266
266
266
266
266
266
266
266
266
266
266
266
266
266
266
266
266
266
266
266
266
266
54
54
54
193
193
193
193
193
193
193
193
193
193
193
193
193
193
193
193
193
193
193
193
54
54
54
54
54
54
54
54
54
54
54
54
54
54
54

