54
54
67
67
67
67
67
67
67
67
67
67
67
67
67
67
67
186
186
186
54
54
54
54
267
267
267
267
267
267
267
267
267
267
267
267
424
424
424
424
424
424
424
424
424
424
211
343
343
343
343
343
343
343
343
343
186
186
186
186
186
186
186
186
186
54
54
54
54
54
54
54
54
54
54
54
54
54
54
54
54
54
54
54
54
54
54
54
54
54
54
54
54
54
54
54
54
54
54
211
211
211
211
424
556
556
556
556
556
556
556
556
556
556
556
556
556
556
556
399
399
399
267
267
267
54
54
54
54
54
54
54
54
54
54
54
54
54
54
54
54
54
54
54
54
54
54
54
54
54
54
54
54
54
54
54
54
54
54
54
54
54
54
54
54
54
186
186
186
186
186
186
186
186
186
186
186
186
186
186
186
186
186
186
54
424
424
424
424
424
424
424
424
424
424
424
424
424
424
424
424
424
424
424
424
267
267
54
54
54
54
54
54
54
54
54
54
54
54
54
54
54
54
54
54
54
54
54
186
186
186
186
186
186
186
186
186
186
186
186
186
186
186
186
186
186
54
54
54
54
54
54
267
267
267
267
424
424
424
424
424
424
424
424
424
424
424
424
424
424
424
424
424
424
211
211
54
54
54
54
54
54
54
54
54
54
54
54
54
54
54
54
54
54
54
54
54
54
54
54
54
54
54
54
54
54
54
54
54
54
54
54
54
54
54
54
54
54
54
54
54
54
54
54
54
54
54
54
54
54
54
54
54
54
54
54
54
267
267
267
267
267
267
424
424
424
424
424
424
424
424
424
424
424
424
424
424
424
424
211
211
211
211
54
54
54
54
54
54
54
54
54
54
54
54
54
54
54
54
54
54
54
64
54
64
54
54
54
64
54
54
54
54
54
54
54
54
54
54
54
54
54
54
54
54
54
54
54
54
54
54
54
54
54
54
54
211
211
343
343
475
475
475
475
475
475
475
688
688
688
688
688
688
688
688
688
399
399
399
399
399
399
399
2189
2189
2189
399
399
399
186
186
186
186
186
186
186
186
186
186
186
186
186
2300
2300
2300
173
173
173
173
173
173
317
317
317
317
317
317
317
317
474
474
474
474
474
474
474
474
474
474
474
474
474
474
474
474
474
474
474
474
317
317
317
317
317
317
317
317
449
449
449
449
449
449
449
449
449
449
449
662
543
543
543
543
543
543
411
411
411
411
411
267
267
267
267
267
267
267
267
267
267
211
211
211
211
211
211
211
211
211
211
211
211
211
211
211
211
221
211
211
211
54
54
54
54
54
54
54
54
54
54
54
54
54
54
54
54
54
54
54
54
54
54
54
54
54
54
54
54
54
54
54
54
54
54
54
54
54
54
54
186
186
186
186
186
399
399
399
399
399
399
399
399
399
399
399
399
399
267
267
267
267
267
267
267
267
267
54
54
54
54
54
54
54
54
54
54
54
54
54
54
54
54
211
211
211
211
211
211
211
211
211
211
211
211
211
211
211
211
211
211
211
211
54
54
54
54
54
54
54
54
54
54
186
186
186
186
186
186
186
186
186
186
186
186
186
186
186
186
186
186
54
54
54
54
54
54
54
54
54
54
54
54
54
211
211
211
424
424
424
424
424
424
424
424
424
424
424
424
424
424
424
424
424
267
267
267
267
267
54
54
54
54
54
54
54
54
54
54
54
54
54
54
54
54
54
54
54
54
54
54
54
54
54
54
54
54
54
54
54
54
54
54
54
54
54
54
54
54
54
54
54
186
186
186
186
186
186
186
186
399
399
399
399
399
399
399
399
399
399
267
411
411
411
411
411
411
411
411
411
411
411
198
198
198
198
198
198
198
198
198
198
198
198
211
211
211
211
211
211
211
211
211
211
211
211
211
211
211
211
211
211
211
211
211
211
211
211
211
211
211
211
211
211
211
211
211
211
211
211
343
343
500
500
500
500
500
500
500
500
500
500
500
500
500
500
500
500
368
368
368
368
211
211
198
198
198
198
198
198
198
198
198
198
198
198
198
198
198
198
198
2201
2201
2201
411
411
411
411
411
411
411
421
411
411
2201
2201
2201
411
411
411
411
411
568
355
355
355
474
474
474
474
474
474
474
474
355
355
368
368
368
368
368
368
211
211
211
211
211
211
211
211
211
211
211
211
211
211
211
211
211
211
211
211
211
211
211
211
211
211
343
343
343
343
343
375
375
375
375
375
375
375
375
375
375
375
375
375
400
400
400
400
400
400
400
400
400
400
400
400
400
400
400
400
400
400
400
400
243
243
243
230
230
230
230
230
230
230
230
230
230
230
230
230
230
230
230
230
230
230
230
2020
2020
2020
230
230
230
230
240
230
230
230
230
230
299
299
299
299
267
267
267
399
399
399
399
399
399
399
399
399
399
399
399
399
556
556
343
343
343
211
211
211
211
211
211
211
221
211
211
211
211
211
211
211
54
173
173
173
173
173
173
173
173
173
54
54
54
54
54
54
54
54
54
170
170
170
170
170
170
170
170
183
183
183
183
183
183
183
183
183
183
183
183
1973
2249
2249
459
343
556
556
437
437
437
437
437
437
437
437
437
437
437
437
556
556
399
399
399
399
531
412
199
199
199
186
186
186
186
186
186
186
186
186
186
186
186
186
54
54
54
54
54
54
54
54
54
54
54
54
54
54
54
54
54
54
54
54
54
54
54
54
54
54
54
54
54
54
54
54
54
54
54
54
54
54
54
54
54
54
211
211
211
211
211
211
211
211
424
424
424
424
424
424
424
424
424
424
556
556
399
399
399
399
399
399
399
399
399
399
186
186
186
186
186
186
54
54
54
54
54
54
54
54
54
54
54
54
54
54
54
54
54
54
54
54
54
54
54
54
54
54
54
211
211
211
211
211
211
211
211
211
211
211
211
211
211
424
424
424
424
424
424
267
267
267
267
267
267
267
267
267
267
267
267
267
267
267
267
54
54
54
54
54
54
54
54
54
54
54
54
54
54
54
54
54
54
54
54
54
54
54
54
54
54
54
54
54
54
54
54
54
54
54
54
54
54
54
186
343
343
343
343
343
343
343
343
343
343
343
343
343
343
343
343
343
424
424
424
267
267
267
267
267
267
267
267
267
267
267
267
267
267
267
267
267
267
267
54
54
54
54
54
54
54
54
54
54
54
54
54
54
54
54
54
54
54
54
54
54
54
54
54
54
54
54
54
54
54
211
211
211
211
211
211
211
211
211
211
211
211
211
424
424
424
424
424
424
424
267
267
267
267
267
267
267
267
267
267
267
267
267
399
399
186

