54
54
54
54
54
54
54
54
54
54
54
54
54
54
54
54
54
54
54
54
54
54
54
54
54
54
54
54
54
54
54
54
54
54
54
54
54
54
54
54
54
54
54
54
234
234
234
234
234
234
234
234
234
234
234
234
234
234
234
234
234
234
234
234
54
54
54
54
54
54
54
54
54
54
54
54
54
54
54
54
54
54
156
156
156
156
156
156
156
156
156
156
156
156
156
156
156
156
156
156
54
54
54
54
54
54
54
54
54
54
54
252
252
252
252
252
252
252
252
252
252
252
252
252
252
252
252
252
252
252
252
252
252
54
54
54
54
54
54
54
54
54
54
54
54
54
54
54
54
54
54
54
54
54
54
54
54
234
234
234
234
234
336
336
336
336
336
336
336
336
336
336
336
336
336
336
336
156
156
156
54
54
54
252
252
252
252
252
252
252
252
252
252
252
252
252
252
252
252
252
252
252
252
252
252
54
54
54
54
54
54
54
54
54
54
54
156
156
156
156
156
336
336
336
336
336
336
336
336
336
336
336
336
336
234
234
234
234
234
234
234
54
54
54
54
54
54
54
54
54
54
54
54
54
54
54
54
54
54
54
54
54
54
54
54
252
252
252
252
252
252
252
252
252
252
252
252
252
354
354
354
354
354
354
354
354
354
156
156
156
156
156
156
156
156
156
234
234
234
234
234
234
234
234
234
234
234
234
234
234
234
234
234
234
234
234
54
54
54
54
54
54
54
54
54
54
54
54
54
54
54
54
54
54
54
54
54
54
54
54
54
252
354
354
354
354
354
354
354
354
354
354
354
354
354
354
354
354
354
354
252
252
252
54
54
234
234
234
234
234
234
234
234
234
234
234
234
234
234
234
234
234
234
234
234
54
54
54
54
54
54
54
54
54
54
54
54
54
54
54
54
54
54
54
54
54
54
54
54
54
54
54
54
54
54
54
54
252
252
252
252
252
252
252
354
354
354
354
354
354
354
354
354
354
354
354
354
354
354
156
156
156
54
54
54
54
54
54
54
54
234
234
234
234
234
234
234
234
234
234
234
234
234
234
234
234
234
234
234
234
54
54
54
54
54
54
54
54
54
54
54
54
54
54
54
54
54
54
54
54
54
54
252
2525
2525
2525
2525
2525
2525
2525
2525
2525
2525
2525
2525
2525
2525
2525
2525
252
252
252
252
252
54
156
156
156
156
156
156
156
156
156
156
156
156
156
156
156
156
156
156
54
54
54
234
234
234
234
234
234
234
234
234
234
234
234
234
234
234
234
234
234
234
234
54
54
54
54
54
54
54
54
54
54
54
54
54
54
54
54
54
54
54
54
54
54
54
54
54
54
156
156
156
156
156
156
156
156
156
156
156
156
156
156
156
156
156
156
54
54
54
54
252
252
252
252
252
252
252
252
252
252
252
252
252
252
252
252
252
252
252
252
252
252
54
54
54
54
54
54
54
54
54
54
54
54
54
234
234
234
234
234
234
234
234
234
234
234
234
234
234
234
234
234
234
234
234
54
54
54
54
54
54
54
54
54
156
156
156
156
156
156
156
156
156
156
156
156
156
156
156
156
156
156
54
54
54
54
252
252
252
252
252
252
252
252
252
252
252
252
252
252
432
432
432
432
432
432
432
432
234
234
234
234
234
234
234
234
234
234
234
234
54
54
54
54
54
54
54
54
54
54
54
54
54
54
54
54
54
54
54
54
54
54
54
54
54
54
54
54
54
54
54
54
54
54
54
54
54
54
54
54
54
54
54
54
54
54
54
54
54
54
54
54
54
54
54
54
54
54
54
54
54
54
156
156
156
156
156
156
156
156
156
156
156
156
156
156
156
156
156
156
54
54
54
54
54
54
54
54
54
54
54
54
54
54
54
54
54
54
234
234
234
234
234
234
234
432
2333
2347
2419
2419
2419
2419
2419
2419
2419
2419
4402
4402
4222
4222
4222
4222
2305
2305
2305
2035
3564
3366
3366
3366
3366
3366
3366
3366
3366
3366
3366
1383
1383
1525
1525
1423
1423
1423
1423
1423
1423
1423
1423
1435
1435
1435
294
294
294
294
294
294
416
416
416
416
416
416
416
416
416
416
416
416
416
416
416
416
416
416
2522
2702
2702
1461
1447
1447
582
582
582
582
582
582
582
582
582
582
582
582
582
582
582
402
280
280
457
655
478
478
478
580
580
580
580
568
568
568
568
745
745
568
568
568
568
568
568
568
568
268
268
268
445
445
268
268
268
268
268
268
268
268
268
268
268
445
445
763
763
763
763
763
196
196
196
196
196
376
376
376
376
376
376
376
376
376
376
376
376
376
376
376
376
376
376
376
376
196
196
196
196
196
196
308
298
298
298
298
298
298
298
298
298
298
298
298
298
298
298
298
298
196
196
196
196
196
196
196
196
196
196
318
318
318
318
318
318
318
318
318
318
318
318
318
318
318
318
318
318
318
318
332
332
332
512
512
710
710
710
710
710
710
710
710
710
710
710
893
893
893
893
893
893
2999
2819
2819
713
713
515
515
525
515
515
515
515
515
515
515
515
515
515
515
515
515
515
515
515
515
515
515
515
515
515
515
515
515
515
515
515
515
515
515
515
515
515
515
515
617
617
2723
2903
2903
797
995
981
981
981
981
981
981
981
981
981
981
981
879
879
879
879
879
667
667
252
252
252
54
54
54
54
54
54
54
54
54
54
54
54
54
54
54
54
54
54
54
54
54
54
54
54
54
54
54
54
156
156
156
156
156
156
156
156
156
156
156
156
156
156
156
336
336
336
234
432
432
432
432
432
432
432
432
432
432
432
432
432
432
432
432
252
252
252
252
252
252
64
54
54
54
54
54
54
54
54
54
54
54
54
54
54
54
54
54
54
54
54
54
54
54
54
54
54
54
54
54
54
54
54
54
54
54
54
156
156
156
156
156
156
156
156
156
156
156
156
156
156
156
156
156
156
54
54
54
54
252
252
252
252
252
252
252
252
252
252
432
432
432
432
432
432
432
432
432
432
432
432
234
234
234
234
234
234
234
234
54
54
54
156
156
156
156
156
156
156
156
156
156
156
156
156
156
156
156
156
156
54
54
54
54
54
54
54
54
54
54
54
54
54
54
54
54
54
54
54
54
54
54
54
54
54
54
54
54
54
54
54
54
234
234
234
234
234
234
234
234
234
234
336
336
336
336
336
336
336
336
336
336
156
156
156
156
156
156
156
156
54
54
54
54
54
54
54
54
54
54
54
54
54
54
252
252
252
252
252
252
252
252
252
252
252
252
252
252
252
252
252
252
252
252
252
252
54
54
54
54
54
54
54
54
54
54
54
54
54
54
54
54
54
54
54
54
54
54

