54
54
54
87
87
87
87
87
87
220
220
220
220
220
220
220
220
220
220
220
54
54
54
173
173
173
173
173
173
173
173
173
173
173
173
173
173
173
173
173
173
54
54
54
54
54
54
54
54
54
54
54
54
54
54
54
54
54
54
54
54
54
54
54
54
54
54
54
54
54
54
54
54
54
54
54
54
54
54
54
54
54
54
54
54
54
202
202
202
202
202
202
202
202
202
202
202
202
202
202
202
202
202
202
202
202
54
54
54
54
54
54
54
54
54
54
54
54
54
54
54
54
54
54
251
251
251
251
251
251
251
251
251
251
251
251
251
251
251
251
251
251
251
251
251
251
54
54
54
173
173
173
173
173
173
173
173
173
173
173
173
173
173
173
173
173
173
202
202
202
202
202
202
202
202
202
202
202
202
202
202
202
202
202
202
202
202
54
54
54
54
54
54
54
54
54
54
54
54
54
54
54
251
251
370
370
370
370
370
370
370
370
370
370
370
370
370
370
370
370
370
370
251
251
54
54
54
54
54
54
54
54
54
54
54
54
54
54
54
54
54
54
54
54
54
54
54
54
54
202
202
202
202
202
202
202
202
202
202
202
202
202
202
202
202
202
202
202
202
54
54
54
54
54
173
173
173
173
173
173
173
173
173
173
173
173
173
173
173
173
173
173
54
54
54
54
54
54
54
54
54
54
54
54
54
54
54
54
54
54
54
54
54
54
202
202
202
202
202
202
202
202
202
202
202
202
202
202
202
202
202
399
399
399
251
370
370
370
370
370
370
370
370
370
370
370
370
370
370
370
370
370
370
54
54
54
54
54
54
54
54
54
54
54
54
54
54
54
54
54
54
54
54
54
54
54
54
54
54
54
54
54
54
54
54
54
54
54
54
54
54
54
54
54
54
54
54
54
54
54
251
251
251
251
251
251
251
251
251
251
251
251
251
251
251
251
251
251
251
251
417
417
220
220
220
220
220
220
220
220
220
487
487
487
487
487
487
487
487
487
487
487
584
584
584
584
584
584
584
465
465
317
317
317
317
317
317
317
317
317
317
317
317
317
317
317
317
317
317
317
317
2525
2525
2525
317
317
284
284
284
284
284
284
284
284
284
481
481
481
481
481
481
481
481
481
481
481
481
481
481
481
481
481
384
503
503
503
503
306
306
306
306
306
306
306
306
306
526
526
526
526
526
407
407
407
2390
5213
5213
5213
5213
5213
5080
5080
5080
5080
5080
5080
4932
4932
4932
4932
4932
4932
4932
4932
4932
2949
2949
2949
2949
2949
2949
2949
3146
3146
3146
3146
3146
3146
3146
3146
3146
3146
3146
3146
3146
3146
3146
3146
3146
3146
3146
3146
3146
3146
3068
3068
3068
3068
3068
3068
3068
3068
3068
3068
3068
245
245
245
245
245
245
245
126
126
126
126
126
126
126
126
126
126
126
126
126
126
126
126
303
303
126
126
274
274
274
274
274
274
274
274
274
451
451
274
274
274
274
274
274
274
274
274
126
126
303
303
126
126
126
126
245
245
245
245
245
245
245
422
422
740
740
740
740
740
173
173
173
173
54
54
54
54
54
54
54
54
54
54
54
54
54
54
54
54
54
54
54
54
54
54
54
54
54
54
54
54
251
251
251
399
399
399
399
399
399
399
399
399
399
399
399
399
399
409
399
399
518
518
331
173
173
173
173
173
173
173
173
173
173
173
173
173
173
173
54
54
54
54
54
54
54
54
54
54
54
54
54
54
54
54
54
54
54
54
54
54
54
54
54
54
54
54
54
202
202
202
202
202
202
202
202
399
399
399
399
399
399
399
399
399
399
399
399
251
251
251
251
251
251
251
251
251
251
54
173
173
173
173
173
173
306
306
306
306
306
306
306
306
306
306
306
306
187
187
187
187
187
187
187
187
187
187
187
187
187
187
187
187
187
187
187
187
187
187
187
187
187
187
187
187
187
187
187
187
187
187
187
187
384
384
384
396
396
396
396
544
544
544
544
544
544
544
544
530
530
530
530
530
530
530
333
333
333
333
333
185
185
185
185
185
185
66
66
66
66
66
66
66
66
66
66
66
66
66
66
66
66
66
66
66
66
66
66
66
66
66
66
66
66
66
66
66
66
66
66
263
263
263
263
263
263
3086
3086
3086
3074
3074
3222
3222
3469
3469
3469
3469
3469
3469
3469
3469
3469
3272
3272
3272
3272
3272
3272
3272
3272
3272
5204
5204
5204
3005
3005
3005
3005
3005
3005
3005
3005
3005
3005
3005
3005
2877
2877
2877
2877
2877
2877
2877
2877
2877
2877
2877
2877
2877
2877
2877
2877
4914
4914
4914
4914
2091
2091
2091
2288
2288
2288
2288
2288
2288
2288
2288
2288
2288
2288
2450
2450
2450
2450
2450
2450
2450
2450
2450
413
532
468
468
468
468
468
468
468
468
468
320
320
320
320
320
320
320
320
201
201
201
201
201
201
201
201
201
201
201
201
201
201
201
201
201
201
201
213
213
213
213
213
213
213
213
213
246
246
246
246
232
232
232
232
232
232
429
429
429
548
548
548
548
548
548
548
548
548
548
548
548
548
548
548
548
548
548
577
380
380
380
380
380
380
380
380
380
1337
1337
1337
1337
1337
1337
1337
1337
1337
1337
1189
3248
3248
3248
3248
3248
3248
3248
3248
3248
3248
3248
3248
3236
3364
3364
3364
1305
1305
1305
348
348
315
315
315
315
315
512
512
379
379
379
379
379
379
379
379
379
379
379
379
379
379
498
370
370
370
370
370
173
173
173
173
173
173
173
173
173
173
173
173
54
54
54
54
54
54
54
54
54
54
54
54
54
54
54
54
54
54
54
54
54
54
54
54
54
54
54
54
54
54
54
54
54
54
54
54
54
54
54
54
54
54
54
54
54
173
173
173
173
173
173
173
173
173
173
173
173
173
173
173
173
173
370
399
399
399
399
399
399
399
399
399
399
399
399
399
399
399
399
399
399
399
399
251
54
54
54
54
54
54
54
54
54
54
54
54
54
54
54
54
54
54
54
54
54
54
54
54
54
54
54
54
54
54
54
54
54
54
173
173
173
173
173
173
173
173
173
173
173
173
370
518
518
518
518
518
399
399
399
399
399
399
399
399
399
399
399
399
399
399
399
251
54
54
54
54
54
54
54
54
54
54
54
54
54
54
54
54
54
54
54
54
54
54
54
54
54
54
54
54
54
54
54
54
54
54
54
54
54
54
54
54
54
54
54
54
54
54
54
54
54
54
54
54
54
54
54
54
54
54
54
54
202
202
202
202
202
202
202
321
518
518
518
518
518
518
518
518
518
518
518
518
370
370
370
370
370
251
251
251
251
251
54
54
54
54
54
54
54
54
54
54
54
54
54
54
54
54
54
54
54
54
54
54
54
54
54
54
54
54
54
54
54
54
54
202
202
202
202
202
202
202
202
202
202
202
202

