54
54
54
54
54
54
54
54
54
54
54
54
54
54
54
54
54
54
54
54
54
54
163
163
163
163
163
163
163
163
163
163
163
163
163
163
163
163
163
163
54
54
54
54
54
54
54
54
54
54
54
54
54
54
54
54
54
54
243
243
243
243
243
243
243
243
243
243
243
243
243
243
243
243
243
243
243
243
243
243
207
207
207
207
207
207
207
207
207
207
316
316
316
316
316
316
316
316
316
316
163
163
163
163
163
163
163
163
54
54
54
54
54
54
54
54
54
54
54
54
54
54
54
54
54
54
54
54
54
54
54
54
243
243
243
243
243
243
243
243
243
243
243
243
243
243
243
243
243
243
243
243
243
243
54
54
54
54
54
54
54
54
54
54
207
207
207
207
207
207
207
207
207
207
207
207
207
207
207
207
207
207
207
207
54
54
54
54
54
54
54
54
54
54
54
54
54
54
54
54
54
54
54
54
54
54
54
54
54
54
54
54
54
54
54
54
54
54
163
163
163
163
163
163
163
163
163
163
163
163
316
316
316
316
316
316
207
207
207
207
207
207
207
207
207
207
207
207
207
207
54
54
54
54
54
54
54
54
54
54
54
54
54
54
54
54
54
54
54
54
54
54
54
54
54
54
54
54
54
54
163
352
352
352
352
352
352
352
352
352
352
352
352
352
352
352
352
352
243
243
243
243
243
54
54
54
54
54
54
54
54
54
207
207
207
207
207
207
207
207
207
207
207
207
207
207
207
207
207
207
207
207
54
54
54
54
54
54
54
54
54
54
54
54
54
54
54
54
54
54
54
54
54
54
54
54
54
54
54
54
54
54
54
54
54
54
54
54
54
54
163
163
352
352
352
352
352
505
505
505
505
505
505
505
505
505
505
505
396
396
396
396
396
396
207
207
207
54
54
54
54
54
54
54
54
54
54
54
54
54
54
54
54
54
54
54
54
54
54
54
54
54
54
54
54
54
54
54
54
54
54
54
54
54
54
54
54
54
54
54
54
54
54
54
54
54
54
207
207
396
396
396
396
396
396
396
2305
2305
2305
2305
505
505
505
505
505
505
505
352
352
352
352
163
163
163
163
163
163
54
54
54
54
54
54
54
2528
2528
2528
2528
2528
2528
2528
2528
2525
2525
2525
2528
2528
2528
2528
2528
2528
2528
2528
2528
2528
2528
2528
2528
2528
2528
2528
2528
2542
2695
2695
2695
2695
2695
2695
2695
2884
2884
2884
2884
2884
2884
2884
2884
2884
2884
2870
2870
2870
2717
2717
2717
2717
2717
2717
2717
2717
2717
2528
2528
54
54
54
54
54
54
163
163
163
163
163
163
163
163
163
163
163
163
163
163
163
163
163
163
54
54
54
54
54
54
54
207
207
207
207
207
207
207
207
207
207
207
207
207
207
207
207
207
207
207
207
54
54
54
54
54
243
243
243
243
243
243
243
243
243
352
352
352
352
352
352
352
352
352
352
352
352
352
163
163
163
163
163
54
54
54
54
54
54
54
54
54
54
54
54
54
54
54
54
54
54
207
207
207
207
207
207
207
207
207
207
207
207
207
207
207
207
207
207
207
207
54
54
54
54
54
54
54
54
54
54
54
54
54
54
54
54
54
54
54
54
54
54
54
163
163
163
163
163
163
163
163
163
163
163
163
163
163
163
163
163
163
54
54
54
243
243
243
243
396
396
396
396
396
396
396
396
396
396
396
396
396
396
396
396
396
396
207
207
54
54
54
54
54
54
54
54
54
54
54
54
54
54
54
54
54
163
163
163
163
163
163
163
163
163
163
163
163
163
163
163
163
163
163
54
54
54
54
54
54
54
54
54
54
54
54
54
54
54
54
54
54
54
243
396
396
410
410
410
410
410
410
410
410
410
410
410
410
410
410
410
410
410
410
257
68
68
68
68
68
68
68
68
68
68
68
68
68
68
68
185
185
185
185
185
185
185
185
171
171
171
54
54
54
171
171
2120
2120
2003
54
54
54
163
163
163
163
163
163
163
316
316
505
505
622
622
622
622
622
622
622
513
513
513
513
513
513
513
513
513
360
360
360
360
171
171
171
171
1923
1923
1923
1923
1923
1923
1923
1923
1923
1923
1923
1923
1923
1923
1923
1923
1923
1923
1923
2032
280
280
280
163
163
163
163
163
163
197
197
197
197
197
211
211
211
102
102
102
102
102
102
102
102
102
102
102
102
102
102
102
102
102
102
102
102
102
102
255
255
255
255
255
255
255
255
255
255
255
255
255
255
255
255
444
444
444
444
291
291
291
291
291
291
291
291
291
291
291
291
291
291
291
2480
2480
2480
2291
2291
2291
2291
2291
2366
2366
2366
2366
2380
2380
2380
2380
177
177
177
177
211
211
211
211
211
211
102
102
102
102
102
102
102
102
102
102
102
102
102
102
102
102
2051
2051
2051
102
1052
1052
1052
102
102
102
102
102
102
102
102
102
102
102
102
102
102
102
102
102
102
102
102
102
102
102
88
241
241
241
430
430
430
430
2379
2379
2379
539
539
539
539
539
539
539
539
2488
2488
2301
352
352
352
362
173
173
173
64
64
64
64
2013
2013
2013
64
64
64
64
64
187
187
187
187
187
187
187
187
187
187
187
187
187
187
187
187
323
323
323
323
200
470
470
470
470
470
470
353
353
353
353
353
353
353
353
470
470
470
470
470
470
317
317
317
426
426
426
426
426
426
426
426
163
163
163
163
163
163
163
163
163
163
243
243
243
243
243
243
243
243
243
243
243
243
243
243
243
243
243
253
243
243
243
243
54
54
54
54
54
54
54
54
54
54
54
54
54
54
54
54
54
54
54
163
163
163
163
163
163
163
163
163
163
163
163
163
163
163
163
163
163
54
54
54
54
54
54
54
54
54
396
396
396
396
396
396
396
396
396
396
396
396
396
396
396
396
396
396
396
396
243
243
54
54
54
54
54
54
54
54
54
54
54
54
54
163
163
163
163
163
163
163
163
163
163
163
163
163
163
163
163
163
163
54
54
54
54
54
54
54
54
54
54
54
54
54
54
54
54
54
54
54
54
207
207
207
207
207
207
207
207
207
207
207
207
207
207
207
207
207
207
207
207
54
54
54
54
54
54
54
54
243
243
243
243
243
243
243
243
243
243
243
243
243
243
243
243
243
243
243
243
243
243
54
54
54
54
54
54
54
54
54
54
54
54
54
54
207
207
207
207
207
207
207
207
207
207
207
207
207
207
207
207
207
207
207
207
54
54
54
163
163
163
163
163
163
163
163
163
163
163
163
163
163
163
163
163
163
54
54
54
54
54
54
54
54
54
54
54
54
54
54
54
54
54
54
54
54
54
54
54
54
243
243
243
243
243
243
243
243
243
243
243
243
243
243
243
243
243
243
243
396

