54
54
54
54
54
54
54
54
54
54
54
54
54
54
54
54
54
54
54
54
54
54
54
54
54
54
54
54
54
54
54
54
54
54
54
54
54
54
54
54
54
54
54
54
54
54
54
54
54
250
250
250
250
250
250
250
250
250
250
250
250
250
250
250
250
250
250
250
250
250
250
54
54
54
54
54
54
54
54
54
54
54
54
54
54
54
54
187
187
187
187
187
187
187
187
187
187
187
187
187
187
187
187
187
187
187
187
54
54
54
54
54
54
54
54
54
54
54
54
54
54
54
54
54
54
54
54
54
54
54
54
54
54
54
54
54
54
54
54
54
54
54
161
161
161
161
161
294
294
294
294
294
294
294
294
294
294
294
294
294
187
383
383
383
383
383
383
250
250
250
250
250
250
250
250
250
250
250
250
250
250
250
250
54
54
54
54
54
54
54
54
54
54
54
54
54
54
54
54
54
54
54
54
54
54
54
54
54
54
54
54
54
54
54
54
54
161
161
161
161
161
161
161
161
161
161
161
161
161
161
161
161
161
294
187
187
187
187
187
187
187
187
187
187
187
187
187
383
383
383
383
383
383
250
250
250
250
250
250
250
250
250
250
250
250
250
250
250
250
54
54
54
54
54
54
54
54
54
54
54
54
54
54
54
54
54
54
54
54
54
54
54
54
187
187
187
187
187
187
187
187
187
187
187
187
187
187
187
187
187
294
294
294
161
161
161
161
161
161
161
161
161
357
357
357
357
357
357
250
250
250
250
250
250
250
250
250
250
250
250
250
250
250
250
54
54
54
54
54
54
54
54
54
54
54
54
54
54
54
54
54
54
54
54
54
54
54
54
54
54
54
54
54
54
54
54
54
54
54
54
54
54
54
54
54
54
54
54
54
54
54
161
161
161
161
161
161
294
294
294
294
294
294
294
294
294
294
294
294
187
187
187
187
187
187
187
187
250
250
250
250
260
250
250
250
250
250
250
250
250
250
250
250
250
250
250
250
250
250
54
54
54
54
54
54
54
54
54
54
54
54
54
54
54
54
54
54
54
161
161
161
161
161
161
161
161
161
161
161
161
161
161
161
294
294
294
187
1948
1948
1948
197
187
187
187
2898
2898
2898
187
187
326
326
326
326
193
193
193
193
193
193
193
193
1954
1954
1954
207
207
207
207
207
207
207
207
207
207
207
207
207
207
207
207
207
207
207
207
207
207
207
207
207
207
54
54
54
54
54
54
54
54
54
54
54
54
54
54
54
54
54
54
54
54
54
54
54
54
54
54
54
54
54
54
54
54
54
54
54
54
54
54
54
54
54
54
54
54
54
54
54
54
54
54
54
187
187
187
187
187
187
187
294
294
294
294
294
294
294
294
294
490
490
490
490
357
357
357
357
357
250
250
250
250
250
250
250
250
250
250
250
250
250
54
54
54
54
54
54
54
54
54
54
54
54
54
54
54
54
54
54
54
54
54
54
54
54
161
161
161
161
161
161
161
161
161
161
161
161
161
161
161
161
161
161
54
54
54
54
54
54
54
54
54
54
54
54
54
54
54
54
54
54
54
54
54
54
54
54
54
54
54
54
54
54
54
54
54
54
54
54
54
54
54
54
54
161
161
161
161
161
161
161
161
161
161
161
161
161
161
161
161
161
161
250
250
250
250
250
250
250
250
250
250
250
250
250
250
250
250
250
250
250
250
250
250
54
54
54
54
54
54
54
54
54
54
54
54
54
54
54
54
54
54
54
54
54
54
54
54
54
54
54
54
54
54
54
54
54
54
54
54
54
54
54
54
54
54
54
54
54
54
54
54
314
510
510
510
510
510
510
510
510
510
643
643
643
643
643
643
643
643
536
536
672
672
672
476
476
476
476
476
476
476
343
343
343
343
329
329
329
329
329
329
329
329
329
329
329
329
329
329
356
356
356
356
356
356
369
369
369
369
369
369
369
369
369
476
476
476
476
476
476
672
672
672
672
672
672
672
672
672
672
672
672
565
565
565
565
565
565
565
698
698
698
502
502
502
502
502
502
502
502
502
502
502
502
502
502
502
502
502
369
369
369
369
369
369
369
369
369
369
369
369
369
342
342
342
342
342
342
329
329
329
329
329
2090
2090
2090
329
329
329
329
329
329
329
436
436
436
436
436
436
436
436
436
436
436
632
632
632
632
632
632
632
525
525
525
525
525
525
552
670
670
670
670
670
670
670
670
474
474
474
474
338
338
338
338
338
338
338
338
338
338
338
338
338
338
338
471
471
471
471
471
471
471
471
471
471
471
471
471
471
471
471
471
471
578
578
445
445
445
445
445
445
445
445
445
445
445
445
445
445
445
445
338
338
338
338
338
338
338
338
338
311
311
311
2896
2909
2909
2909
2909
2909
2909
2909
2909
2909
2909
2909
2909
2909
2909
2909
3105
2966
2966
2966
2966
2966
2966
2966
2966
2966
2966
2966
2966
3099
3099
3099
3099
3099
3099
3099
3099
3099
2903
2903
2903
2903
2903
2903
3010
3010
3010
3010
3010
2877
2877
2877
2877
2877
2877
2877
2877
2877
2877
2877
292
292
185
185
185
185
185
185
185
185
185
185
185
185
172
172
172
172
172
172
172
172
172
172
172
172
172
172
172
172
172
172
172
172
172
368
368
368
368
368
368
368
368
368
368
368
368
368
250
250
250
250
250
250
250
250
250
54
187
187
187
187
187
187
187
187
187
187
187
187
187
187
187
187
187
187
187
187
54
54
54
54
54
54
54
54
54
54
54
54
54
54
54
54
54
54
54
54
54
54
54
161
161
161
161
161
161
161
161
161
161
357
357
357
357
357
357
357
357
250
250
250
383
383
383
383
383
383
383
383
383
383
383
187
187
187
187
187
187
187
187
187
54
54
54
54
54
54
54
54
54
54
54
54
54
54
54
54
54
54
54
54
54
54
54
54
54
54
54
54
54
54
54
54
54
54
54
54
54
250
357
357
357
357
357
357
357
357
357
357
357
357
357
357
357
357
357
357
250
250
250
54
54
54
54
54
54
54
54
54
54
54
54
54
54
54
54
54
54
54
54
54
54
54
54
54
54
54
54
187
187
187
187
187
294
294
294
294
294
294
294
294
294
294
294
294
294
294
294
161
161
161
250
250
250
250
250
250
250
250
250
250
250
250
250
250
250
250
250
250
250
250
250
250
54
54
54
54
54
54
54
54
54
54
54
54
54
54
54
54
54
54
54
187
187
294
294
294
294
294
294
294
294
294
294
294
294
294
294
294
294
294
294
54
54
54
54
54
54
54
54
54
54
54
54
54
54
54
54
54
54
54
250
250
250
250
250
250
250
250
250
250
250
250
250
250
250
250

