0
0
0
0
0
0
0
0
0
0
0
0
0
0
0
0
0
0
0
0
0
0
0
0
0
0
0
0
0
0
0
0
0
0
0
0
0
0
0
0
0
0
0
0
0
0
0
0
0
0
0
0
0
0
0
0
0
0
0
0
0
0
0
0
0
0
0
0
0
0
0
0
0
0
0
0
0
0
0
0
0
0
0
0
0
0
0
0
0
0
0
0
0
0
0
0
0
0
0
0
0
0
0
0
0
0
0
0
0
0
0
0
0
0
0
0
0
0
0
0
0
0
0
0
0
0
0
0
0
0
0
0
0
0
0
0
0
0
0
0
0
0
0
0
0
0
0
0
0
0
0
0
0
0
0
0
0
0
0
0
0
0
0
0
0
0
0
0
0
0
0
0
0
0
0
0
0
0
0
0
0
0
0
0
0
0
0
0
0
0
0
0
0
0
0
0
0
0
0
0
0
0
0
0
0
0
0
0
0
0
0
0
0
0
0
0
0
0
0
0
0
0
0
0
0
0
0
0
0
0
0
0
0
0
0
0
0
0
0
0
0
0
0
0
0
0
0
0
0
0
0
0
0
0
0
0
0
0
0
0
0
0
0
0
0
0
0
0
0
0
0
0
0
0
0
0
0
0
0
0
0
0
0
0
0
0
0
0
0
0
0
0
0
0
0
0
0
0
0
0
0
0
0
0
0
0
0
0
0
0
0
2
2
2
2
2
4
6
6
6
8
8
10
10
20
24
26
26
26
28
36
32
34
32
64
68
72
76
80
76
80
84
88
90
92
98
112
116
132
148
154
158
164
170
174
180
186
192
196
202
208
214
220
222
230
236
242
248
170
208
216
220
224
226
228
236
96
92
94
92
90
92
84
88
104
100
94
88
232
332
336
342
320
308
314
334
340
344
346
320
314
328
264
248
256
254
248
330
204
212
214
228
236
532
538
546
546
190
186
244
242
250
484
488
482
480
486
478
464
470
192
162
156
170
172
182
196
336
234
216
210
220
222
232
234
228
260
254
250
236
214
208
210
236
254
288
282
276
714
644
650
512
516
630
644
432
410
394
398
382
332
342
344
338
406
398
382
394
368
380
374
348
350
410
442
594
618
642
606
518
530
534
568
552
534
462
434
724
900
904
770
740
876
826
820
858
862
856
906
900
950
954
972
976
982
1010
1014
1044
894
982
1012
992
996
990
908
888
1128
808
838
792
896
912
956
946
604
646
764
938
942
946
990
968
1024
1028
1046
1038
1028
1224
1036
1082
1086
856
1096
1086
1104
1094
1182
1174
1264
1210
1258
1264
1384
1316
1336
1340
1096
880
912
886
948
654
626
674
646
678
696
790
868
748
766
1186
1236
1240
1196
1560
1564
1570
1574
1578
1584
1588
1594
1598
1604
1608
1612
1618
1622
1626
1632
1636
1640
1646
1650
1406
1476
1498
1502
1572
1224
1176
1180
1184
1016
1206
1192
1674
1626
1666
1720
1726
1730
1734
1738
1742
1746
1592
1720
1740
1762
1766
1770
1774
1778
1782
1786
1790
1794
1798
1802
1806
1792
1778
1818
1820
1824
1828
1832
1836
1840
1842
1846
1850
1854
1856
1860
1752
1812
804
842
826
864
1356
1452
1778
1874
1896
1900
1904
1906
1910
1912
1916
1918
1922
1924
1928
1930
1934
1936
1940
1942
1944
1948
1580
1464
1466
1684
1882
1650
1612
1378
1400
1402
1680
1682
1624
1666
1668
1670
1672
1534
1536
1578
1580
1582
1604
1606
1628
1628
1610
1632
1614
1636
1616
1476
1356
1622
1624
1624
1586
1608
1608
1528
1550
1714
1716
1738
1924
1904
1926
2050
1888
1910
1932
1872
1728
1688
1752
1752
1734
1754
1756
1778
1902
1904
2070
2072
2072
2074
2074
2076
2076
2078
1620
1600
1726
1706
1686
1708
2084
2084
2084
2086
2086
2086
2086
2088
2088
2088
2088
2090
2090
2090
2090
2090
2090
1714
1714
1170
1130
1150
836
710
648
626
626
648
626
606
606
626
690
732
668
626
668
730
648
626
626
584
604
604
730
730
708
688
708
1292
1166
1146
1186
1206
1102
1080
956
892
934
1162
1016
1016
1036
952
932
1448
868
848
826
826
970
970
928
926
844
822
822
862
800
780
696
696
696
716
694
714
652
652
590
590
610
710
710
668
810
1092
910
950
928
928
966
966
1024
1526
1746
1884
1902
1900
1878
1876
1594
1592
1868
1886
1368
1268
1286
1284
1224
1064
1082
1080
1080
960
958
840
702
760
778
718
1786
1706
1664
1662
1408
1368
1924
1920
1918
1914
1912
1908
1906
1902
1880
1876
1892
1890
1886
1882
1822
1556
1536
1832
1866
1862
1858
1856
1852
1848
1844
1842
1838
1834
1738
1826
1824
1820
1816
1812
1808
1352
1638
1634
1632
1718
1052
962
1280
1098
1008
970
1286
1212
1752
1538
1536
1496
1476
1472
1728
1724
1720
994
1044
1108
1054
1036
1066
1688
1684
1680
1676
1670
1666
1662
1342
1338
1334
1332
1590
1308
1402
1382
1344
1324
1288
1300
1392
1404
1368
1348
1344
1308
896
908
936
872
652
650
662
768
704
672
806
364
378
376
330
328
298
296
222
220
234
218
218
262
260
216
214
214
214
212
212
210
210
224
222
208
206
206
218
232
230
216
216
200
186
186
172
184
184
182
196
194
426
412
436
408
432
366
352
376
374
348
346
356
354
304
290
530
936
716
702
722
694
656
640
708
658
688
696
806
802
550
558
534
542
528
600
598
606
634
576
478
560
536
512
570
660
276
274
294
292
310
328
306
304
302
280
298
354
342
538
554
550
556
670
658
798
802
446
790
784
736
660
656
582
560
574
568
640
668
662
422
330
318
316
652
662
626
614
608
604
598
592
632
620
382
428
710
702
564
558
546
534
530
650
632
606
620
434
436
556
552
484
498
390
446
534
372
390
204
218
216
192
222
240
238
240
232
220
212
288
314
282
220
216
214
220
240
242
234
256
286
312
300
254
254
250
222
218
182
338
312
306
304
302
250
224
170
110
110
96
100
80
78
62
58
62
58
54
54
48
46
44
86
78
110
108
106
106
110
106
138
122
124
130
128
134
130
152
146
140
136
130
126
120
116
110
106
98
96
92
88
52
48
28
30
28
28
24
28
28
22
20
18
10
8
10
8
8
6
6
6
4
4
4
4
2
2
0
0
0
0
0
0
0
0
0
0
0
0
0
0
0
0
0
0
0
0
0
0
0
0
0
0
0
0
0
0
0
0
0
0
0
0
0
0
0
0
0
0
0
0
0
0
0
0
0
0
0
0
0
0
0
0
0
0
0
0
0
0
0
0
0
0
0
0
0
0
0
0
0
0
0
0
0
0
0
0
0
0
0
0
0
0
0
0
0
0
0
0
0
0
0
0
0
0
0
0
0
0
0
0
0
0
0
0
0
0
0
0
0
0
0
0
0
0
0
0
0
0
0
0
0
0
0
0
0
0
0
0
0
0
0
0
0
0
0
0
0
0
0
0
0
0
0
0
0
0
0
0
0
0
0
0
0
0
0
0
0
0
0
0
0
0
0
0
0
0
0
0
0
0
0
0
0

